PARTICLE PAIR DEFINITIONS
Name=Inc Chan     Particle a=neutron       Particle b=Other
     Za= 0        Zb= 0         Pent=1     Shift=0
     Sa=  0.5     Sb=   0.0     Ma=   1.008664915780000     Mb=  27.976928999999
Name=PPair #2     Particle a=neutron       Particle b=Other
     Za= 0        Zb= 0         Pent=1     Shift=0
     Sa=999.0     Sb= 999.0     Ma=   1.008664915780000     Mb=  27.976928999999
     Q= -1779000.8742580006
Name=PPair #4     Particle a=neutron       Particle b=Other
     Za= 0        Zb= 0         Pent=1     Shift=0
     Sa=  0.5     Sb=   0.0     Ma=   1.008664915780000     Mb=  27.976928999999
     Q= -1779000.8742580006
Name=Inc Ch#1     Particle a=neutron       Particle b=Other
     Za= 0        Zb= 0         Pent=1     Shift=0
     Sa=  0.5     Sb=   0.5     Ma=   1.008664915780000     Mb=  28.976496000000
Name=Inc Ch#2     Particle a=neutron       Particle b=Other
     Za= 0        Zb= 0         Pent=1     Shift=0
     Sa=  0.5     Sb=   0.0     Ma=   1.008664915780000     Mb=  29.973772000000
Name=Inc Ch#3     Particle a=neutron       Particle b=Other
     Za= 0        Zb= 0         Pent=1     Shift=0
     Sa=  0.5     Sb=   0.0     Ma=   1.008664915780000     Mb=  16.000000000000

SPIN GROUPS
  1      1    1  0.5 1.0000000
    1  Inc Chan    0  0.5
    2  PPair #2    2  1.5
  2      1    1 -0.5 1.0000000
    1  Inc Chan    1  0.5
    2  PPair #4    1  0.5
  3      1    1 -1.5 1.0000000
    1  Inc Chan    1  0.5
    2  PPair #4    1  0.5
  4      1    2  1.5 1.0000000
    1  Inc Chan    2  0.5
    2  PPair #4    2  0.5
    3  PPair #2    0  1.5
  5      1    2  2.5 1.0000000
    1  Inc Chan    2  0.5
    2  PPair #4    2  0.5
    3  PPair #2    0  2.5
  6      1    2 -2.5 1.0000000
    1  Inc Chan    3  0.5
    2  PPair #4    3  0.5
    3  PPair #2    1  2.5
  7      1    2 -3.5 1.0000000
    1  Inc Chan    3  0.5
    2  PPair #4    3  0.5
    3  PPair #2    1  2.5
  8      1    0  0.0 0.0467000
    1  Inc Ch#1    0  0.0
  9      1    0  1.0 0.0467000
    1  Inc Ch#1    0  1.0
 10      1    0 -1.0 0.0467000
    1  Inc Ch#1    1  0.0
 11      1    0 -0.0 0.0467000
    1  Inc Ch#1    1  1.0
 12      1    0 -1.0 0.0467000
    1  Inc Ch#1    1  1.0
 13      1    0 -2.0 0.0467000
    1  Inc Ch#1    1  1.0
 14      1    0  2.0 0.0467000
    1  Inc Ch#1    2  0.0
 15      1    0  1.0 0.0467000
    1  Inc Ch#1    2  1.0
 16      1    0  2.0 0.0467000
    1  Inc Ch#1    2  1.0
 17      1    0  3.0 0.0467000
    1  Inc Ch#1    2  1.0
 18      1    0  0.5 0.0310000
    1  Inc Ch#2    0  0.5
 19      1    0 -0.5 0.0310000
    1  Inc Ch#2    1  0.5
 20      1    0 -1.5 0.0310000
    1  Inc Ch#2    1  0.5
 21      1    0  1.5 0.0310000
    1  Inc Ch#2    2  0.5
 22      1    0  2.5 0.0310000
    1  Inc Ch#2    2  0.5
 23 X    1    0  0.5 1.0000000
    1  Inc Ch#3    0  0.5
 24 X    1    0 -0.5 1.0000000
    1  Inc Ch#3    1  0.5
 25 X    1    0 -1.5 1.0000000
    1  Inc Ch#3    1  0.5
 26 X    1    0  1.5 1.0000000
    1  Inc Ch#3    2  0.5
 27 X    1    0  2.5 1.0000000
    1  Inc Ch#3    2  0.5
 28 X    1    0 -2.5 1.0000000
    1  Inc Ch#3    3  0.5
 29 X    1    0 -3.5 1.0000000
    1  Inc Ch#3    3  0.5

RESONANCES are listed next
-3661600.00 158770.000 3698500.+3  0.0000               0 0 1 0   1
-873730.000 1025.30000 101.510000  0.0000               0 0 1 0   1
-365290.000 1000.00000 30.4060000  0.0000               0 0 0 0   1
-63159.0000 1000.00000 46.8940000  0.0000               0 0 0 0   1
-48801.0000 1000.00000 9.24960000  0.0000               0 0 0 0   1
31739.99805 1000.00000 15.6670000  0.0000     0.0000    0 0 0 0 0 5
55676.96094 1580.30000 653310.000  0.0000               0 0 0 0   1
67732.84375 2500.00000 2658.90000  0.0000               0 0 0 0   3
70800.00781 1000.00000 29.6170000  0.0000     0.0000    0 0 0 0 0 5
86797.35938 2500.00000 726.180000  0.0000               0 0 0 0   3
181617.5000 5600.00000 34894000.0  0.0000               0 0 0 0   1
298700.0000 1000.00000 9886.00000  0.0000     0.0000    0 0 0 0 0 5
301310.8125 3600.00000 2354.80000  0.0000               0 0 0 0   1
354588.6875 1000.00000 14460.0000  0.0000     0.0000    0 0 0 0 0 5
399675.9375 660.000000 813.610000  0.0000               0 0 0 0   3
532659.8750 2500.00000 532810.000  0.0000               0 0 0 0   3
565576.8750 2900.00000 10953000.0  0.0000               0 0 0 0   3
587165.7500 8800.00000 199160.000  0.0000               0 0 0 0   2
590290.1250 3600.00000 523660.000  0.0000               0 0 0 0   1
602467.3125 3400.00000 50491.0000  0.0000     0.0000    0 0 0 0 0 4
714043.4375 2500.00000 1216.50000  0.0000               0 0 0 0   3
771711.9375 1000.00000 53139.0000  0.0000     0.0000    0 0 0 0 0 5
812491.6250 9700.00000 30100000.0  0.0000               0 0 0 0   3
845233.8750 2000.00000 397910.000  0.0000     0.0000    0 0 0 0 0 4
872305.8125 1300.00000 32140.0000  0.0000     0.0000    0 0 0 0 0 5
910043.5625 1130.00000 3673300.00  0.0000               0 0 0 0   3
962233.0000 16000.0000 76614000.0  0.0000               0 0 0 0   2
1017777.188 1000.00000 76192.0000  0.0000     0.0000    0 0 0 0 0 5
1042856.812 1000.00000 933700.000  0.0000     0.0000    0 0 0 0 0 5
1085169.250 3600.00000 72794.0000  0.0000               0 0 0 0   1
1148103.625 1000.00000 3146.90000  0.0000     0.0000    0 0 0 0 0 5
1162663.625 3800.00000 3013600.00  0.0000               0 0 0 0   1
1199501.375 7600.00000 14914000.0  0.0000               0 0 0 0   2
1201238.750 3600.00000 4601200.00  0.0000               0 0 0 0   1
1256447.250 3600.00000 17383000.0  0.0000               0 0 0 0   1
1264441.750 1000.00000 843640.000  0.0000     0.0000    0 0 0 0 0 5
1379920.250 2400.00000 65299.0000  0.0000     0.0000    0 0 0 0 0 4
1408269.750 2700.00000 5198300.00  0.0000               0 0 0 0   3
1479927.250 1650.00000 3502500.00  0.0000     0.0000    0 0 0 0 0 4
1482395.375 8800.00000 886.940000  0.0000               0 0 0 0   2
1512343.875 1000.00000 91493.0000  0.0000     0.0000    0 0 0 0 0 5
1528742.375 2400.00000 2922500.00  0.0000     0.0000    0 0 0 0 0 4
1580564.875 2400.00000 1495500.00  0.0000     0.0000    0 0 0 0 0 4
1592844.250 8800.00000 11199000.0  0.0000               0 0 0 0   2
1597168.625 2400.00000 4017200.00  0.0000     0.0000    0 0 0 0 0 4
1639561.500 1000.00000 15293000.0  0.0000     0.0000    0 0 0 0 0 5
1651146.000 1000.00000 21555000.0  0.0000     0.0000    0 0 0 0 0 5
1658595.000 8800.00000 1555300.00  0.0000               0 0 0 0   2
1664961.125 2400.00000 215900.000  0.0000     0.0000    0 0 0 0 0 4
1784952.750 2400.00000 192940.000  0.0000     0.0000    0 0 0 0 0 4
1805652.625 2500.00000 1299100.00  0.0000               0 0 0 0   3
1850667.250 1000.00000 35515000.0  0.0000     0.0000    0 0 0 0 0 5
1852435.250 2500.00000 70707000.0  0.0000               0 0 0 0   3
1923655.250 1000.00000 1017100.00  0.0000     0.0000    0 0 0 0 0 5
2248678.250 3600.00000 444760000.  0.0000               0 0 0 0   1
1968869.750 1000.00000 5734100.00  0.0000     0.0000    0 0 0 0 0 5
3007280.500 3600.00000 289960.000  0.0000               0 0 0 0   1
3067775.250 3600.00000 422290.000  0.0000               0 0 0 0   1
-2179600.00 409080.000 1722200.+3                       0 0 0     8
-860240.000 999.970000 34170000.0                       0 0 0     8
-431280.000 1005.90000 228510000.                       0 0 0     8
15282.00000 1646.00000 10000.0000                       0 0 0    10
38819.00000 2400.00000 75926.0000                       0 0 0    13
159682.9688 1900.00000 1200300.00                       0 0 0    10
184456.4844 1500.00000 136740.000                       0 0 0    10
336790.2812 800.000000 2512800.00                       0 0 0    10
385764.1875 4670.00000 24133000.0                       0 0 0     9
552241.8125 5700.00000 1298900.00                       0 0 0    13
566558.4375 3000.00000 70820000.0                       0 0 0    10
619664.6250 3000.00000 725960.000                       0 0 0    13
649726.0000 3000.00000 1095900.00                       0 0 0    13
653064.6250 6300.00000 19386000.0                       0 0 0    12
715064.6250 300.000000 978570.000                       0 0 0    10
716771.3125 3000.00000 219300000.                       0 0 0     8
802258.9375 3000.00000 9934900.00                       0 0 0    15
862003.6875 3000.00000 432930000.                       0 0 0     8
872483.5000 300.000000 17335000.0                       0 0 0    10
955891.2500 300.000000 982890.000                       0 0 0    13
1098425.500 3000.00000 57787.0000                       0 0 0    15
1113807.625 300.000000 76533000.0                       0 0 0    10
1122279.500 300.000000 4881600.00                       0 0 0    13
1178601.750 3000.00000 8295900.00                       0 0 0     9
1192267.500 300.000000 375060.000                       0 0 0    12
1207629.500 300.000000 19795000.0                       0 0 0    13
1388859.125 3000.00000 4271400.00                       0 0 0    15
1769072.750 3000.00000 32136.0000                       0 0 0     8
2248487.000 3000.00000 169320.000                       0 0 0     8
-1185100.00 118480.000 260570000.                       0 0 0    18
-161550.000 650.000000 426400.000                       0 0 0    18
2235.000000 370.000000 932.660000                       0 0 0    20
4977.000000 600.000000 1122.00000                       0 0 0    19
183488.8281 6000.00000 9997600.00                       0 0 0    18
235225.3906 800.000000 115410.000                       0 0 0    21
302839.2188 370.000000 274430.000                       0 0 0    20
413136.1875 600.000000 1580100.00                       0 0 0    19
645239.8125 800.000000 401430.000                       0 0 0    21
704912.0000 800.000000 423190.000                       0 0 0    21
745454.0000 370.000000 14735000.0                       0 0 0    20
796946.1250 600.000000 469320.000                       0 0 0    19
807379.8125 600.000000 274330.000                       0 0 0    19
810796.9375 600.000000 419310.000                       0 0 0    19
844674.6250 370.000000 3315300.00                       0 0 0    20
878822.8125 800.000000 110630.000                       0 0 0    21
979821.3125 600.000000 591820.000                       0 0 0    19
1182175.750 6000.00000 5912400.00                       0 0 0    18
1217821.125 800.000000 1888900.00                       0 0 0    21
1274871.500 600.000000 2225500.00                       0 0 0    19
1302032.875 800.000000 304790.000                       0 0 0    21
1310774.875 370.000000 339710.000                       0 0 0    20
1337984.375 600.000000 4624000.00                       0 0 0    19
1356024.750 370.000000 12271000.0                       0 0 0    20
1383597.625 600.000000 25336000.0                       0 0 0    19
1400981.375 800.000000 1897600.00                       0 0 0    21
1412107.750 370.000000 668620.000                       0 0 0    20
1586007.000 6000.00000 23644000.0                       0 0 0    18
2583249.500 6000.00000 92076000.0                       0 0 0    18
-11592000.0 1200.00000 7517400.+3                       0 0 0    23
-9192600.00 1200.00000 1435600.+4                       0 0 0    23
433901.3750 1200.00000 43760000.0                       0 0 0    25
999736.9375 1200.00000 96583000.0                       0 0 0    26
1307683.875 1200.00000 42027000.0                       0 0 0    25
1630813.125 1200.00000 71367.0000                       0 0 0    25
1650581.000 1200.00000 3901300.00                       0 0 0    29
1833142.125 1200.00000 7835200.00                       0 0 0    26
1898468.875 1200.00000 28678000.0                       0 0 0    24
2372699.000 1200.00000 155330000.                       0 0 0    23
2888249.750 1200.00000 1885900.00                       0 0 0    24
3004838.500 1200.00000 2333.80000                       0 0 0    24
3181814.500 1200.00000 517690000.                       0 0 0    24
3203037.750 1200.00000 179230000.                       0 0 0    23
3204505.000 1200.00000 310910.000                       0 0 0    28
3239197.250 1200.00000 251410000.                       0 0 0    26
3431828.250 1200.00000 615700.000                       0 0 0    27
3438834.250 1200.00000 1803900.00                       0 0 0    28
3636796.000 1200.00000 701840000.                       0 0 0    25
3763624.250 1200.00000 16031000.0                       0 0 0    29
3853751.500 1200.00000 562450000.                       0 0 0    23
4175216.750 1200.00000 70220000.0                       0 0 0    26
4288830.500 1200.00000 56268000.0                       0 0 0    25
4303685.000 1200.00000 16078000.0                       0 0 0    24
4461693.000 1200.00000 77996000.0                       0 0 0    23
4525253.000 1200.00000 4173300.00                       0 0 0    27
4591673.500 1200.00000 91070.0000                       0 0 0    29
4592562.000 1200.00000 175270.000                       0 0 0    28
4816678.000 1200.00000 47145000.0                       0 0 0    25
5055537.000 1200.00000 52134000.0                       0 0 0    26
5118596.000 1200.00000 17864000.0                       0 0 0    29
5365329.500 1200.00000 980620.000                       0 0 0    27
5617318.000 1200.00000 33197000.0                       0 0 0    28
5666636.000 1200.00000 12687000.0                       0 0 0    27
5912201.500 1200.00000 12942000.0                       0 0 0    29
5986110.000 1200.00000 7106100.00                       0 0 0    26
6076846.000 1200.00000 5166700.00                       0 0 0    28
6116665.000 1200.00000 5549900.00                       0 0 0    24
6389893.000 1200.00000 4935600.00                       0 0 0    29
6813680.500 1200.00000 3262900.00                       0 0 0    28
6833136.500 1200.00000 5140500.00                       0 0 0    27
7373000.000 1200.00000 2400000.00                       0 0 0    24
8820920.000 1200.00000 1123400.+4                       0 0 0    25
10934820.00 1200.00000 276110.000                       0 0 0    23
15050371.00 1200.00000 634990.000                       0 0 0    23
25004488.00 1200.00000 6918.60000                       0 0 0    23

.100000000
Channel radii in key-word format
Radii=  4.136420,  4.136420    Flags=0,-1
   Group=  1   Chan=  1,  2,
   Group=  4   Chan=  1,  2,  3,
   Group=  5   Chan=  1,  2,  3,
Radii=  4.943720,  4.943720    Flags=0,-1
   Group=  2   Chan=  1,  2,
   Group=  3   Chan=  1,  2,
   Group=  6   Chan=  1,  2,  3,
   Group=  7   Chan=  1,  2,  3,
Radii=  4.400000,  4.400000    Flags=0,-1
   Group=  8   Chan=  1,
   Group=  9   Chan=  1,
   Group= 10   Chan=  1,
   Group= 11   Chan=  1,
   Group= 12   Chan=  1,
   Group= 13   Chan=  1,
   Group= 14   Chan=  1,
   Group= 15   Chan=  1,
   Group= 16   Chan=  1,
   Group= 17   Chan=  1,
Radii=  4.200000,  4.200000    Flags=0,-1
   Group= 18   Chan=  1,
   Group= 19   Chan=  1,
   Group= 20   Chan=  1,
   Group= 21   Chan=  1,
   Group= 22   Chan=  1,
Radii=  4.200000,  4.200000    Flags=0,-1
   Group= 23   Chan=  1,
   Group= 24   Chan=  1,
   Group= 25   Chan=  1,
   Group= 26   Chan=  1,
   Group= 27   Chan=  1,
   Group= 28   Chan=  1,
   Group= 29   Chan=  1,

NUCLIDE MASSES AND ABUNDANCES FOLLOW
27.9769290 1.0000000 .92000000 1 1 2 3 4 5 6 7
28.9764960 .04670000 .05000000 1 8 91011121314151617
29.9737720 .03100000 .02000000 11819202122
16.0000000 1.0000000 .01000000 023242526272829

